Average
9.032809333
5.378063667
5.007245333
4.897837667
4.010887667
3.993207
3.792882333
4.044646333
4.072268333
3.791382333
3.866041
3.707590667
3.868293
4.025948
4.099082333
3.968042
3.836691
4.011310667
3.95794
3.953314667
3.91271
4.016997667
3.937932
4.055549
4.035128667
3.904497
4.077903
4.047831667
3.930004333
4.12446
4.052406667
3.850149333
3.836942333
3.968921333
4.049510667
4.070190333
3.942539333
4.050034667
3.895904
4.068232667
3.793745667
3.706422333
3.982291
3.852221333
3.982870333
3.819180667
3.720740667
3.938759
3.926411667
3.946251333
3.813707
3.863603333
3.863598667
3.979522667
3.919245667
4.024728667
4.046112333
3.902599333
4.019373333
4.132811667